20260531030000
20260531040000
20260601205707
20260725030000
20260725050000
20260725060000
20260725070000
20260725080000
20260725090000
20260725100000
20260725110000
20260725120000
20260725130000
20260728090000
20260729150000
20260729190000
20260729203000
20260731230000
20260731231000
20260801020000
20260801040000
20260802090000
20260802093000
20260802094000
20260802100000
20260802101000
20260802102000
20260802103000
20260802104000
20260802160000
20260802170000
20260802171000
20260802180000
20260802200000
20260803120000
20260803140000
20260804090000
20260804093000
20260805120000
20260806140000
20260806150000
20260806160000
20260806170000
20260806180000
20260806190000
20260806200000
20260806210000
20260806220000
20260806230000
20260806240000
20260806250000
20260806260000
20260806270000
20260807090000
20260807100000
20260807155000
20260807160000
20260807170000
20260808190000
20260808191000
20260809050000
20260809060000
20260809070000
20260809180000
20260809190000
20260809200000
20260809210000
20260809220000
20260810120000
20260810130000
20260810140000
20260810150000
20260811020000
20260812010000
20260812020000
20260812030000
20260812040000
20260812050000
20260812060000
20260812070000
20260812080000
20260812090000
20260812100000
20260812110000
20260812200000
20260812210000
20260812220000
20260812230000
20260812240000
20260813010000
20260813020000
20260813030000
20260814010000
20260814020000
20260814030000
20260814040000
20260814050000
20260814060000
20260815010000
20260815020000
